


[9.05410715e-01 2.63276306e-01 5.90778504e-04 1.24149980e-03
 1.05910060e-03 1.24294986e-03 8.37308390e-01 1.49166580e+01]
0.9352378568378943
[7.66842461e-01 3.13374107e-01 7.04210278e-04 1.24678818e-03
 1.22096725e-03 1.20992861e-03 8.26543919e-01 1.37434133e+01]
1.089074746626627





[1.52788914e-02 2.69416477e-05 1.24668958e-03 1.23977493e-03
 1.24856957e-03 9.33444094e-04 3.47881232e+00 1.47511619e+01]
2.6710139726812128
[1.93174511e+00 4.48576263e-01 2.62690169e-04 1.21491188e-03
 5.22792742e-04 1.19494453e-03 7.77203889e-01 1.17575778e+01]
1.3729121025226467
[6.10595016e-01 2.88134285e-01 1.19684918e-03 9.65170051e-04
 2.51168795e-04 1.21632259e-03 7.79140795e-01 1.48914577e+01]
1.1912319741983532

[  4.08039357e-01   3.52300559e-01   3.53909211e-04   1.24869946e-03
   2.90899563e-04   1.01619801e-03   5.00341419e-01   1.22063183e+01]
5.15039584426
[  7.35113271e-02   2.22967629e-01   2.54941046e-04   8.49353403e-04
   9.22249691e-04   1.19445868e-03   5.00212553e-01   1.37646084e+01]
5.115335219


[  2.99872180e-02   9.77714804e-01   1.19713039e-03   8.28615407e-04
   1.24897233e-03   1.22540520e-03   2.92644374e+00   5.69249187e-01]
1.65298510545
[  2.02015347e-02   1.50484525e-04   1.07177515e-03   1.19371676e-03
   1.24691120e-03   8.57525906e-04   3.48668079e+00   1.22628042e+01]
2.6004278195
[  2.87354976e-01   2.65622600e-01   7.64492542e-04   1.24480912e-03
   1.14347937e-03   1.24985980e-03   7.17955786e-01   1.49777271e+01]
4.9947160027
[  3.69741715e-01   9.01073141e-01   2.52876551e-04   1.24686517e-03
   2.61964839e-04   1.24833141e-03   5.00119036e-01   4.37795489e+00]
4.90808877441
[  1.83164890e-02   1.32074578e-01   8.74286723e-04   2.62415669e-04
   1.21100432e-03   4.24120752e-04   3.56531323e+00   1.14000632e+01]
6.66837608055
[  3.28510462e-02   1.46869974e+00   1.24058548e-03   3.31372312e-04
   7.04752374e-04   6.44534124e-04   5.00234132e-01   4.56602282e+00]
5.38533526302

[  2.71659183e-02   1.21295877e+00   1.21519611e-03   7.20064220e-04
   1.23199870e-03   1.01996106e-03   3.10376441e+00   5.61505792e-01]
1.78997657103
[  7.06066318e-01   3.42987302e-01   6.87746126e-04   1.22089632e-03
   3.59291100e-04   1.24860188e-03   6.82254529e-01   1.46071647e+01]
5.46222244014
[  5.84633356e-02   1.76969170e-01   9.03470069e-04   1.17827947e-03
   3.86983914e-04   1.24724467e-03   5.00256912e-01   1.42889884e+01]
4.95937957213


[  3.97528900e-01   6.67403216e-01   2.50013142e-04   7.01703729e-04
   2.51263252e-04   9.23543470e-04   5.00145409e-01   8.78920058e+00]
5.03432711694
[  1.86368417e+00   4.48816879e-01   3.41518235e-04   1.23700889e-03
   5.10570815e-04   1.24998000e-03   7.61909145e-01   1.49687894e+01]
5.51372514614
