

[1.02144525e-01 1.47026613e-02 1.24385127e-03 9.16236525e-04
 1.22258904e-03 1.02717820e-03 1.64441804e+00 1.38056480e+01]
1.7771382295865508
[9.99851910e-02 9.16795424e-03 1.24452191e-03 3.90116780e-04
 1.24869108e-03 8.47122943e-04 1.65130053e+00 8.80160028e+00]
1.7441735234833964
[1.08093825e-01 1.38438142e-02 1.05490785e-03 1.06541385e-03
 1.23440880e-03 8.46653623e-04 1.65475245e+00 9.82882414e+00]
1.8287081088403132

[  1.17272395e-01   1.75717321e+00   1.24993749e-03   5.64253385e-04
   1.21637157e-03   9.13120742e-04   1.56090929e+00   8.37990393e-01]
1.72030100366
[  1.01227293e-01   9.90922803e-01   1.24537908e-03   1.00822856e-03
   1.24764007e-03   3.73609292e-04   1.64131374e+00   1.01777722e+00]
1.76001369856
[  6.70291948e-02   1.05299168e+00   2.53014724e-04   1.14886538e-03
   9.26174843e-04   1.22561026e-03   5.00500617e-01   1.48690946e+01]
4.70321550229
[  9.92209950e-02   1.83452332e+00   1.21884405e-03   8.48602532e-04
   1.22790468e-03   1.09414708e-03   1.67424171e+00   8.49300781e-01]
1.78699558335
[  9.90027535e-02   1.00500671e+00   1.17312393e-03   2.77792045e-04
   1.24998589e-03   6.07577866e-04   1.66487185e+00   1.37020974e+00]
1.77711254384
[  9.75164524e-02   1.12528043e-02   1.17683857e-03   3.62836512e-04
   1.24818216e-03   2.58551878e-04   1.68411708e+00   1.37308153e+01]
1.78517842318

[  9.09917224e-02   1.46189849e+00   1.24122060e-03   3.73864980e-04
   1.24982395e-03   3.10347306e-04   1.69300629e+00   2.22453374e+00]
1.81064456842
[  1.14725463e-01   1.99841161e+00   1.24978715e-03   7.28763605e-04
   1.24998933e-03   6.87956722e-04   1.57700605e+00   5.96897093e-01]
1.67883917118
[  9.97484175e-02   7.27159255e-04   1.23326127e-03   2.51752730e-04
   1.24893199e-03   2.77343039e-04   1.65527285e+00   1.35398282e+01]
1.75400945168


[  9.80468236e-02   2.09220969e-02   1.22173695e-03   3.97332229e-04
   1.24710865e-03   6.92208321e-04   1.66385518e+00   1.28724460e+01]
1.77387197357
[  1.94672921e-02   5.59907477e-01   1.24958227e-03   1.24833185e-03
   1.24816584e-03   1.22212470e-03   4.20993922e+00   1.40734490e+01]
4.27337501737

[8.54845666e-02 1.99999121e+00 1.21930777e-03 5.06967203e-04
 1.24727221e-03 1.13636001e-03 1.75561783e+00 1.38813761e+00]
1.8243009360236389

[1.14219519e-01 5.57100707e-01 1.24929040e-03 1.20441710e-03
 1.24998146e-03 9.84990614e-04 1.57766272e+00 6.73710963e-01]
1.72507634408431
