[0.03155433 0.0001223 ]
[0.03177918 0.00013048]
7.590886262326254
[0.03283855 0.00434809]
7.850691936824303
[3.33083521e-02 8.37765253e-07]
7.645304450506385
[0.03349476 0.00035966]
7.538734400461957
[0.03210755 0.00017232]
7.702256149981495
[0.03186961 0.00030182]
7.552121021623776
[0.03192018 0.00563407]
7.920287437006963
[0.03146396 0.00223484]
7.3688763659689105


[0.0328794  0.00056452]
7.126816049772071
[0.03197641 0.00167866]
7.080443725040375
[0.03072998 0.0098691 ]
8.06914994028574


[0.03232081 0.00049356]
7.573157554014205
[0.03179372 0.00023714]
7.234541560612439
[0.03050975 0.01587506]
8.398388331819554

[3.18328187e-02 5.00378532e-05]
7.628509133472146
[0.03242622 0.00162163]
7.307226824261381
[0.03284737 0.00061831]
7.663987701404565

[0.03129415 0.00396654]
7.383148763131807
[0.03244026 0.00037567]
7.224828012514492
[0.03225803 0.00160394]
7.678575043565678
