


[0.01883227 0.00442921 0.00124339 0.00088632 0.00124063 0.00053297]
2.696578118799899
[2.01482810e-02 4.28662620e-05 1.12147897e-03 1.03067062e-03 1.24956910e-03 3.00816588e-04]
2.7597677776577765
[0.02187651 0.00181746 0.00086526 0.00124981 0.00124462 0.00040824]
3.5808889174589296

[0.01977365 0.00011051 0.00124312 0.00033995 0.00123552 0.00056913]
2.678833542132209

[0.02000141 0.00036581 0.00118311 0.00091048 0.00123897 0.00123721]
2.905063663374667


[0.01943246 0.00489462 0.00124667 0.00025045 0.00124864 0.00044625]
2.68273911771853

[0.0189442  0.00132194 0.00122719 0.00027099 0.00124335 0.00096905]
2.716675884837516
[0.01936795 0.00081245 0.00124634 0.00124316 0.00123705 0.00061352]
2.750837930723374

[0.01886705 0.00012725 0.00124943 0.00086136 0.00124952 0.00113899]
2.6958769951270636

[0.01940907 0.00030157 0.00119902 0.00092024 0.00124892 0.00032042]
2.8042889345186253
[0.02622447 0.00097766 0.00038578 0.00038547 0.00122325 0.00102418]
4.7858871492730595
[0.01818621 0.01054083 0.00124953 0.00058781 0.00124468 0.00040418]
2.7732740782940155

[1.95571693e-02 8.87870529e-05 1.24650273e-03 2.87803012e-04 1.24982243e-03 4.43466203e-04]
2.831196923436762
[1.99379101e-02 4.00545527e-05 1.11885202e-03 1.02905418e-03 1.24526506e-03 6.93261778e-04]
2.867427752960155
[0.0191882  0.00745435 0.00123319 0.00027271 0.00122151 0.00032362]
2.7721389372955847

[  4.08039357e-01   3.52300559e-01   3.53909211e-04   1.24869946e-03
   2.90899563e-04   1.01619801e-03   5.00341419e-01   1.22063183e+01]
5.15039584426
[  7.35113271e-02   2.22967629e-01   2.54941046e-04   8.49353403e-04
   9.22249691e-04   1.19445868e-03   5.00212553e-01   1.37646084e+01]
5.115335219


[  2.99872180e-02   9.77714804e-01   1.19713039e-03   8.28615407e-04
   1.24897233e-03   1.22540520e-03   2.92644374e+00   5.69249187e-01]
1.65298510545
[  2.02015347e-02   1.50484525e-04   1.07177515e-03   1.19371676e-03
   1.24691120e-03   8.57525906e-04   3.48668079e+00   1.22628042e+01]
2.6004278195
[  2.87354976e-01   2.65622600e-01   7.64492542e-04   1.24480912e-03
   1.14347937e-03   1.24985980e-03   7.17955786e-01   1.49777271e+01]
4.9947160027
[  3.69741715e-01   9.01073141e-01   2.52876551e-04   1.24686517e-03
   2.61964839e-04   1.24833141e-03   5.00119036e-01   4.37795489e+00]
4.90808877441
[  1.83164890e-02   1.32074578e-01   8.74286723e-04   2.62415669e-04
   1.21100432e-03   4.24120752e-04   3.56531323e+00   1.14000632e+01]
6.66837608055
[  3.28510462e-02   1.46869974e+00   1.24058548e-03   3.31372312e-04
   7.04752374e-04   6.44534124e-04   5.00234132e-01   4.56602282e+00]
5.38533526302

[  2.71659183e-02   1.21295877e+00   1.21519611e-03   7.20064220e-04
   1.23199870e-03   1.01996106e-03   3.10376441e+00   5.61505792e-01]
1.78997657103
[  7.06066318e-01   3.42987302e-01   6.87746126e-04   1.22089632e-03
   3.59291100e-04   1.24860188e-03   6.82254529e-01   1.46071647e+01]
5.46222244014
[  5.84633356e-02   1.76969170e-01   9.03470069e-04   1.17827947e-03
   3.86983914e-04   1.24724467e-03   5.00256912e-01   1.42889884e+01]
4.95937957213


[  3.97528900e-01   6.67403216e-01   2.50013142e-04   7.01703729e-04
   2.51263252e-04   9.23543470e-04   5.00145409e-01   8.78920058e+00]
5.03432711694
[  1.86368417e+00   4.48816879e-01   3.41518235e-04   1.23700889e-03
   5.10570815e-04   1.24998000e-03   7.61909145e-01   1.49687894e+01]
5.51372514614
