
[2.72945109e-02 5.37368177e-01 1.23961617e-03 4.46838108e-04
 1.24999243e-03 1.24489331e-03]
2.7833409910826887
[2.75949358e-02 7.38261576e-01 1.21089957e-03 6.96824448e-04
 1.24125543e-03 6.75271707e-04]
2.7821343542226873
[0.02798196 0.48861119 0.0012195  0.00105325 0.00123612 0.00098559]
2.7926281341395294

[2.63399268e-02 1.99742488e+00 1.23784545e-03 3.07451795e-04
 1.24318107e-03 2.51674893e-04]
2.7780476072698557
[2.70831496e-02 6.38920107e-01 1.20604210e-03 4.94663919e-04
 1.22725894e-03 9.63297200e-04]
2.780100869547094
[0.03572705 0.39625455 0.00064603 0.00076027 0.00123477 0.00124107]
2.9607604308608675

[0.02823941 0.4097287  0.00124973 0.00117118 0.00124736 0.00120099]
2.761830121884619
[0.03572149 0.32275228 0.00065379 0.00124807 0.00124561 0.00107913]
2.9547013673134583
[2.67610223e-02 7.19060949e-01 1.24983141e-03 8.44277184e-04
 1.23797298e-03 3.52557279e-04]
2.7687478937267755

[2.76258890e-02 1.60475646e+00 1.24678638e-03 2.89945839e-04
 1.24366124e-03 2.85281247e-04]
2.789031319933747



[0.02676028 0.57164934 0.00124802 0.00067814 0.00122999 0.00120186]
2.7617640394695817



[0.0269575  0.60246473 0.00120895 0.0007877  0.00124068 0.00091415]
2.794489725579201

[0.02733593 0.52327216 0.00124684 0.00064978 0.00124959 0.00118148]
2.759747831522624
