[0.04726513 0.26571248]
[0.04702426 0.27966415]
[0.04903143 0.2370925]
[0.04803572 0.27911277]

800,200
[0.05067459 0.30670608]
[0.05067459 0.30670608]
3.4815191826899463
800,200
[0.04930476 0.31008791]
[0.04894579 0.30453073]
3.4481001841477124
800,200
[0.0489997  0.31649652]
[0.0490086  0.31666548]
3.423169322019771


[0.05092106 0.25198836]
3.4625024218188316
[0.05077038 0.27683817]
3.447793269203557
[0.04888931 0.33641639]
3.4578889352500446



[0.05110379 0.32976729]
3.491926193344153
[0.07021593 1.97655945]
6.883394007425366
[0.05139023 0.28632075]
3.470265539185145

[0.05127753 0.29241253]
3.470666132878439
[0.04996729 0.30452955]
3.4353231553399852
[0.05086697 0.29159959]
3.469529717984491

[0.05074212 0.27807319]
3.4564139025228022
[0.0513843  0.32464783]
3.472590785912441
[0.0514504  0.30130485]
3.467499917193513

[0.0504756  0.38870512]
3.5134817783633188
[0.05108523 0.29001161]
3.4842840753669866
[0.05018758 0.23546868]
3.4358428182564817

[0.0508821 0.3164631]
3.466559167093724

[0.05765312 0.33796949]
4.926954682420887

[0.05094302 0.24582829]
3.468139591091856

[0.05059416 0.34482474]
3.4817113312518657

[0.05061147 0.30376783]
3.471069945771395


[0.04974579 0.32629258]
3.461251046280053




[0.05201276 0.25296322]
3.4898149839707333

[0.05238086 1.03024085]
4.758145566847611

[0.04923641 0.29177066]
3.42942463381978

[0.05115212 0.26857524]
3.4663583020703546

[0.04924088 0.29064681]
3.444595461716234


[0.04932153 0.30452703]
3.4486391786815966

[0.05031769 0.24592857]
3.437299058821669

[0.05004903 0.290753  ]
3.426538546116382


[0.05229461 0.30793561]
3.4864592140077004
