
[3.94486193e-02 1.00622575e-05 3.96624623e-04 8.64118096e-04
 1.23726456e-03 1.24973294e-03]
1.7342919729788266
[0.02779536 0.00427356 0.00124755 0.00124369 0.00124936 0.00045   ]
1.2265349856026908
[0.03958531 0.00503496 0.00033692 0.00119181 0.0012319  0.00094629]
1.8649350449626063

[0.02836339 0.0034263  0.00123185 0.00062783 0.00124956 0.00026918]
1.2177130310274988
[0.02884916 0.00318083 0.00121403 0.00029517 0.00124425 0.00118611]
1.2517571414651099
[0.02938356 0.00047326 0.00114546 0.00030333 0.00123955 0.00025571]
1.2651317441476295


[0.02826557 0.00045644 0.00124695 0.00047848 0.00124344 0.00029544]
1.219845880521806
[0.02793459 0.00241864 0.00124934 0.00058091 0.00124999 0.00055039]
1.2086591375685785
[0.02861456 0.00065521 0.00120371 0.00032485 0.00124771 0.00043964]
1.2021577672342425
