
[1.88661332e-02 1.63317285e+00 1.20048065e-03 7.10387507e-04
 1.16246706e-03 8.07789162e-04 4.59847178e+00 5.47188135e-01]
1.7113855595464154
[4.96089849e-02 5.35466129e-01 1.21695226e-03 1.24871407e-03
 9.04195060e-04 1.10673043e-03 5.00135025e-01 1.49210188e+01]
6.691876359805792]

[  3.70996614e-02   1.03176620e+00   3.09623951e-04   1.22475533e-03
   1.23337469e-03   7.68819449e-04   5.00088299e-01   6.87423285e+00]
6.20198799661
[  1.87972259e-02   1.99868653e+00   1.22400453e-03   3.01120512e-04
   1.18550080e-03   7.49207075e-04   4.44880575e+00   7.84583600e-01]
1.93368640186
