[0.04500218 0.07137766]
[0.04776939 0.01284005]

800,200
[0.04816249 0.00079045]
[0.04816185 0.00079168]
3.0463038779643803
800,200
[4.73416885e-02 7.37012749e-05]
[0.04760351 0.00016529]
3.1108181225831917
800,200
[0.04776875 0.01042939]
[0.04760339 0.00827238]
3.369194118396643

[0.04511754 0.02745701]
3.6755218244982544
[0.04588462 0.000496  ]
3.183778851359161
[0.04761023 0.00519505]
3.149744698667801


[0.04601189 0.00100613]
3.503606022780244
[4.64779584e-02 6.82766250e-07]
3.1676737635751304
[0.0481222  0.00550124]
3.4909039925708125

[0.04706191 0.00016539]
3.589599875014134
[0.04840486 0.0068419 ]
3.4473673657405364
[4.66693133e-02 4.81082961e-05]
3.3745874947545023

[0.04752883 0.00219078]
3.1715859372029445
[0.03131994 1.14922182]
32.821775705240995
[0.04835754 0.00090268]
3.656728217065081

[0.04794572 0.00014958]
3.4769488946509326

[0.04641005 0.00093059]
3.279293563968416

New Recoder
[0.         0.42187325]
44.957695629721826
