
[0.02990633 0.0016225  0.00124814 0.00025571 0.00122491 0.0003167 ]
5.216674701647758
[0.03048713 0.00372903 0.00124266 0.00036772 0.00123975 0.00081762]
4.63445444100888
[0.03110065 0.00557989 0.00120051 0.00087994 0.0012476  0.00119905]
5.1606008626329745
[0.03074307 0.00102941 0.00124642 0.00104405 0.00124885 0.00120489]
4.6050544459873715
[0.03045373 0.00052876 0.00124961 0.00027933 0.00124936 0.00071407]
4.379369730311239
[0.03020874 0.00339031 0.00124934 0.00043308 0.00124996 0.00025582]
4.7734925898038885
