[0.05340425 0.00620873]
[0.05138923 0.00011396]

800,200
[5.00013784e-02 2.99170069e-06]
[5.00013970e-02 2.96345971e-06]
14.241621929544793
800,200
[0.04932117 0.00037264]
[0.04931645 0.00039064]
14.061592812266113
800,200
[0.05196134 0.00050924]
[0.05195608 0.00051145]
15.390985210121539



[0.04992469 0.00068861]
14.329728955882938
[0.05050619 0.00971482]
13.268876071137587
[0.05072568 0.0001246 ]
14.384375096168228

[5.23924302e-02 3.22978464e-07]
15.366016403678724
[0.05068194 0.00076961]
14.260478510892353
[0.05275544 0.00078722]
14.910150958524195

[5.27704029e-02 2.99412005e-06]
15.11664024002118
[0.09671464 1.77187348]
53.22009411489684
[0.05122847 0.0024886 ]
14.413028494684536
