


[2.98052749e-02 5.90342242e-04 1.23329003e-03 1.03038968e-03
 1.24856968e-03 1.22698561e-03 2.92137676e+00 9.13750726e+00]
1.218755531564753
[3.35998290e-02 8.25875482e-01 9.21705854e-04 8.65539179e-04
 1.14285204e-03 9.00512191e-04 5.00236437e-01 8.59613436e+00]
6.167734727431694
[4.59924377e-01 1.96371434e+00 2.58147952e-04 9.03894685e-04
 3.12145804e-04 2.53837920e-04 5.00273138e-01 7.55759847e+00]
6.362654800429397

[  2.87135268e-02   2.01709832e-01   1.22119171e-03   7.09349295e-04
   1.24933109e-03   3.48720303e-04   3.08076849e+00   2.92056246e+00]
1.22322311992
[  6.31191618e-01   1.53715265e+00   2.50662884e-04   7.46481566e-04
   2.51899878e-04   9.41982802e-04   5.00187838e-01   1.29000640e+01]
6.63451347137

[  4.23890707e-02   1.12248158e+00   9.00816771e-04   6.96330401e-04
   1.14498325e-03   1.19970031e-03   2.83292380e+00   5.69901594e-01]
1.19142273946
[  3.67513812e-02   1.10235026e-03   1.17692303e-03   2.53959385e-04
   1.24977595e-03   5.69874814e-04   2.67479871e+00   1.47006379e+01]
1.19515188045
[  4.75539873e-01   1.56975299e+00   3.69949041e-04   2.56536785e-04
   2.51475681e-04   1.23302905e-03   5.00282703e-01   1.48300657e+01]
6.79513893816


[  3.33021561e-02   6.35293513e-03   1.17997872e-03   1.23180186e-03
   1.18332713e-03   1.00357777e-03   2.95175339e+00   1.46024789e+01]
1.22128547234
[  3.33455697e-02   1.75483614e-03   1.24963591e-03   8.47298216e-04
   1.23348080e-03   1.04673024e-03   2.81522775e+00   1.48524273e+01]
1.15403526774
