
[0.05188426 0.23673934 0.00078424 0.00091962 0.00115424 0.00027632]
2.459225027711895
[4.99169969e-02 6.16777670e-01 9.04677963e-04 3.68235689e-04
 1.24770026e-03 6.27483543e-04]
2.471177084254844
[0.05390945 0.29251347 0.00064137 0.00097698 0.0011976  0.00074638]
2.463980467854459
[0.05921101 0.16764349 0.00025028 0.00118605 0.00124224 0.0005713 ]
2.4534342820205466
[5.71215074e-02 5.25769564e-01 5.39250141e-04 2.81427402e-04
 1.17815025e-03 3.73221522e-04]
2.4429182366704936
[4.88860635e-02 5.29329147e-01 1.09834290e-03 4.95663703e-04
 1.05944124e-03 4.94026775e-04]
2.4541940129063113
