
[9.52315358e-02 8.84319472e-01 1.14975589e-03 3.17269826e-04
 3.74401161e-04 8.25308384e-04]
2.25948445975822
[1.00184659e-01 6.43894762e-01 1.09020433e-03 2.50005936e-04
 4.67991345e-04 1.24841067e-03]
2.256020409056607
[1.36636156e-01 8.20712561e-01 5.04224292e-04 3.61891685e-04
 8.41821228e-04 1.19652990e-03]
2.27618323712463

[1.24282276e-01 9.81240836e-01 6.06937756e-04 2.97326039e-04
 8.11056878e-04 8.51490594e-04]
2.255130825694488
[9.83026759e-02 5.50097015e-01 1.15823658e-03 1.24876827e-03
 3.94399788e-04 9.08363267e-04]
2.2515469420655236
[9.98071548e-02 1.51601974e+00 1.08483602e-03 2.85454702e-04
 4.78439521e-04 3.90799499e-04]
2.2315485073192622
