
[0.04026495 0.00926312 0.00124998 0.00095127 0.00121941 0.00046492]
6.291619696721523
[0.04374917 0.02957718 0.00114618 0.00073389 0.00124227 0.00064124]
6.396082587679558
[0.04441533 0.02351011 0.00123411 0.00124888 0.0012286  0.00109504]
6.437623799869366

[0.04853344 0.24447493 0.00121595 0.00058188 0.00123517 0.00033654]
7.36266715143887
[0.04350873 0.02606466 0.00124794 0.00108535 0.00123724 0.00052365]
6.1058691402478384
[0.04116969 0.00325536 0.00124638 0.0008531  0.00123034 0.00121433]
5.090066959301811
