3.64060750766888
3.912283129500991
3.6691593568677456
3.739400329846886
3.569296587630366
3.613121408781082
3.619739156906462
3.758167713691689
3.8336490980667066
3.686433866826128
3.5095341262778197
3.924839595323959
3.7642758747074687
3.821861342630272
3.602823903907141
3.5818099477209047
3.586882667538867
3.7075652925845346
3.6379507671686486
3.7016121188746056
3.9434179410248555
3.6857431791735866
3.716747220448106
3.699912217454103
3.6845547616039926
3.618433362055497
3.6230399104371864
3.932829584027901
3.678401081959748
3.6785913089801197
3.670773337165865
3.7912899163677545
3.7965813126270103
3.6835593495874255
3.7244562825356344
3.7431834560136
3.6126221456913177
3.614467160613273
3.658418662776228
3.702038675904884
3.5821789366976717
3.670701557008557
3.5794756426119245
3.5555984458951984
3.6498544678742753
3.7952035871497327
3.736437827111542
3.8029912151196656
3.7856634118859245
3.613777638575199
3.830602419120655
3.5866367502614986
3.630496559325799
3.6365190384582635
3.51374360464071
3.6085019552495745
3.5660814448975837
3.640078115098546
3.5811700682961236
3.588653780418302
3.7795781511112914
3.7169346475322285
3.7752100318205457
3.756010120840645
3.6294119105181744
3.952958068879807
3.854554292069524
3.637336561715466
3.574718182163818
3.58402278769569
3.607363346537708
3.616271283774503
3.6035460534905854
3.679388658732633
3.703849534672384
3.615235094658908
3.6480511347708866
3.7433267767717817
3.6646807603972182
3.669008478203291
3.6556018452196093
3.624619512527225
3.67672165770757
3.551634984815318
3.6238197867798365
3.5935042938646418
3.6169803378162317
3.626497586317522
3.710358275509487
3.773549209301244
3.6982900603579143
3.5392661101746654
3.7248659958605104
3.6209671620116004
3.6126874490753087
3.593367252419876
3.6756032668651955
3.7411687866094017
3.649997892988398
3.6583316441568194
3.6088741605458954
3.6534532459441427
3.704659078308738
3.681151197806441
3.66333017879012
3.74561823322044
3.5890763697979255
3.6960347912664355
3.6480979009231453
3.5721281574720702
3.6367139334257943
3.597761630002005
3.7219929859068936
3.617646920836237
3.652353861462051
3.6157765035248906
3.6561823389791317
3.5819365849102756
3.694535778255768
3.6356741251747864
3.5910248849662496
3.762601570790828
3.5398167667484643
3.581901385374406
3.8261784386461914
3.629839309176023
3.6798800035805503
3.6647924076924565
3.648118233486713
3.5412683838708245
3.671889849203141
3.700020638947674
3.6558764246835054
3.793177410038864
3.6785123217999436
3.545256282171345
3.6553726462996994
3.600124512971477
3.6205844799277958
3.660872584328214
3.596597327502458
3.620645797788735
3.6928056397087743
3.628666325901186
3.6419337558653826
3.6970925901778484
3.7236919262765094
3.5972055370778127
3.657940854489993
3.625336287997427
3.6617246244506183
3.6438314353038948
3.7229308316955616
3.6668027512554255
3.634891434594132
3.6753426948132923
3.710708798727082
3.621647652720599
3.70517191498565
3.644781236849532
3.673846783313979
3.594713225072228
3.7240013144179924
3.553279525818685
3.735046141986905
3.7621321494386386
3.730249176302433
3.7062677814844704
3.613493079594592
3.659289155236503
3.681495552005896
3.914915003708788
3.619070857185507
3.68102339456018
3.6899877437127975
3.572937127557647
3.6036493477058316
3.6160167974170907
3.7106217978559712
3.5943649006165743
3.5404966000908433
3.6022391296586704
3.901548784422169
3.64786710813836
3.6288406192488063
3.7658975389898286
3.6167604388642816
3.813516159543798
3.661941344803076
3.751879809157159
3.6837269356090294
3.6098337636344
3.5273529547298463
3.7525275737931536
3.5917195137323312
3.6595062980253505
3.545441947749482
3.7462591111539414
3.7213873705929394
3.5922239888314005
3.6034803789628715
3.62436376143282
3.5224060897178666
3.608340376829302
3.7166346909940646
3.653826238601663
3.6511992467118835
3.599486904153006
3.622558109899894
3.5768249362858944
3.610932875157748
3.6492511358832056
3.564688813357338
3.6262152903880307
3.5392231202106044
3.633446924311895
3.65885650547259
3.7224698847131354
3.6646590763360107
3.6369779033969456
3.6828001784899342
3.6700738012243135
3.6543849000157382
3.7206223015000353
3.5902386156465083
3.7360754738640947
3.8441205290898623
3.566391087970396
3.669134034411583
3.5898832853806977
3.6312001398974214
3.545537890549377
3.651855708302135
3.7536132570168994
3.6566346350029884
3.5858600261574773
3.6051427643374545
3.9059067583574416
3.7241778412465742
3.8417584547702965
3.913815318907674
3.744037834093472
3.6144273166008247
3.5699215732816514
3.6940862102545498
3.7126268350683156
3.838475222478963
3.738966268588135
3.611358432803951
3.6734572029464445
3.7106007448865435
3.6555719477762785
3.6258025996503394
3.5516481144662735
3.855538874478328
3.8998343939629394
3.7008324453547794
3.6266286315394045
3.6985943215262522
3.5798212859257426
3.7498153536497782
3.5841795849881968
3.752302349943977
3.657352816741185
3.733763147590616
3.723363946655191
3.5980956133532547
3.6456132360982565
3.6109193793323566
3.659549906696303
3.6000437425560876
3.668226048625536
3.572351507297849
3.735289620510242
3.8009817987276366
3.6054089774639495
3.6044461995314414
3.6712445459925673
3.660432283887135
3.6388371961906016
3.594405998972264
3.657472561863078
3.5873865511038514
3.6251725426527512
3.60707955556569
3.6479526279685164
3.602935765555563
3.530398018947069
3.60671533047646
3.8429947362195875
3.630281754211796
3.8923912390247395
3.6575868491700767
3.7764911091535986
3.6862215282368997
4.144507332585801
3.8132016098969728
3.686013175487608
3.64294941899125
3.6170049183494912
3.6038111225669534
3.681783621038071
3.7618941662707774
3.623450636545713
3.60972215315278
3.661716429701137
3.6967678712122916
3.747463662464029
3.7906992991041064
3.676012067002798
3.7936504755098475
3.5941584680082497
3.5413208458314887
3.544498574853482
4.009313830522222
3.7701107256951834
3.592759341351166
3.601188247333073
3.7051041906008577
3.6120144168378454
3.609057247549063
3.7619871232348916
3.6073704661046886
3.5348437616127466
3.7832061057313684
3.604342881474954
3.6908510759866133
3.525890587521836
3.664295659188237
3.704808184697468
3.669605215157548
3.5813186660660254
3.760211446376513
3.6125471779017846
3.6301512818646158
3.6450989369960025
3.664229297845197
3.618446806698579
3.878471897629501
3.6125093453124846
3.6410431798159855
3.68545336653674
3.6711896812964184
3.85134066038013
3.563742261319962
3.6539369463799622
3.636815976720118
3.611316537818437
3.6144685389123445
3.736814651028795
3.6418297078989124
3.663809023334222
3.610794155227118
3.897288104120581
3.637141313349638
3.7203927161114856
3.67405576142103
3.578990349686372
3.6134713273290817
3.6855030534146778
3.4873072043515148
3.7260258580278864
3.6230879933108713
3.564340309316584
3.8156754517355242
3.6437628268676168
3.6587537989990877
3.5365513688705894
3.783409100927491
3.6158627011647275
3.6045351766086937
3.6949558675745044
3.636094408368895
3.6139190721411127
3.5412424909568485
3.6728719625837702
3.822206817823446
3.7629931336376328
3.6513415054849605
3.5921772309470965
3.581650544695376
3.756955485421833
3.663393371978969
3.67707049184895
3.7669382135822906
3.7926791811986718
3.9398722227167338
3.645126649189614
3.6911892808392452
3.657865865736893
3.766026511784498
3.597644771391346
3.620384502404525
3.6123683593767018
3.624204557246917
3.66815436921552
3.638436664140781
3.649542467629065
3.62139127172943
3.6154340693742113
3.697157866111399
3.6793260676373554
3.582827684057312
3.7234047378951147
3.6147118677582335
3.6758413597356285
3.689350250290682
3.7142818770762567
3.530872058605585
3.659859117856536
3.787544671115971
3.5444060548703975
3.526154591622708
3.8083539294234674
3.8491469332878654
3.6484982236042915
3.69164994287651
3.7281516413788442
3.569559132748318
3.71442353652817
3.6239669360404334
3.8167217853601
3.6279502963114734
3.657308024707404
3.770526086228838
3.6344349210201283
3.593090535793705
3.649264237693078
3.6334654939803284
3.778683740530333
3.7109860533167325
3.5539594759359887
3.568816393980649
3.6957341952262683
3.855689743971856
3.5806048207604406
3.584912687059822
3.7785341049816092
3.839397320258734
3.5677428622282044
3.612194313967498
3.605205636144177
3.65128012860864
3.620597457591876
3.864670094589662
3.7285585377263724
3.7055418634647244
3.592865467361077
3.693466033300792
3.6620486312656246
3.718863070003128
3.593445803148172
3.786433873402141
3.7126039076745543
3.7027250420199134
3.6474500895148396
3.7371428033966043
3.631308700410269
3.7038326595752142
3.664083982219018
3.7097606911431695
3.655057232952746
3.5717502360359394
3.650399500375544
3.5660979597050924
3.8107116344584377
3.659166823773096
3.646536641139895
3.568504288794324
3.6154975748339964
3.6655702971359
3.5126916690991177
3.5644216603447627
3.7072469728817237
3.8048036840032258
3.6726080761207167
3.7290378084768268
3.542654442627058
3.739217924915123
3.5866786393606422
3.5464245904164864
3.623933410577284
3.720923883695588
3.7523032986771874
3.651431228072186
3.687784488898931
3.659126300801746
3.6332887982729
3.6146222194637465
3.6497221261317736
3.6509252501293776
3.7322301757236493
3.456096205677519
3.6372973965314928
3.6034701364109525
3.556860968346816
3.722121477570685
3.6012706203102938
3.618862961307318
3.8318773889524747
