0.022201913624642435
0.022324750312650344
0.019636630126977455
0.009015832996192527
0.0435118970978648
0.1668388126848473
0.020585850455095943
0.05427569350220805
0.07304090539108911
0.2016681100865189
0.032530196656781626
0.06624466116343207
0.021079357329994684
0.01195361267568171
0.04857294883817338
0.037146630842338234
0.013181255577901332
0.022340038035450743
0.12827096658061182
0.010721855095634265
0.02558009931212926
0.01233664124509057
0.02194383292202641
0.04564729027667073
0.0247875655851494
0.10983442864336464
0.022276849656687574
0.06844089988366357
0.033588467421410556
0.022715423934471155
0.5271454936448566
0.037843020748375124
0.0663234134575357
0.010960858980212082
0.015519908020871703
0.06141440156376622
0.0384586725736149
0.011559133400207672
