Wednesday Afternoon
0.4105325818462965 0.5555917304954301
[1.00238263 1.7178006]
0.8988372432089268 0.885406081505089
[1.97800648 1.9584616]

Wednesday Evening
0.5263134943332868 0.27135024233017324
[1.23373551 0.87683339]
0.7897405240255768 0.6022293380300928
[0.7687508  0.61458558]
0.6986564469516657 0.46382031064770757
[1.72078902 1.37902865]
0.7067059998939093 0.48501520910164986
[0.78754794 0.53259795]
0.5918219284364625 0.8614457620793456
[1.23818648 1.87438806]
0.8289501263639841 0.625699574740733
[0.97545175 0.73532306]
0.6868102348762124 0.3602589304438807
[1.18907476 0.69789174]
0.921038468298465 0.38273423158083275
[1.99846184 0.89917083]
0.49824125216349757 0.9637144471852882
[0.78606881 1.49778587]
0.6904328359623715 0.4862934732072217
[0.72773572 0.47661888]

Thursday Afternoon
0.26273241718650864 0.8103576235577191
[0.26772831 0.88545954]
0.32942952820955973 0.9015468598914265
[0.49930604 1.38040214]
0.21813421757011742 0.26562251901845824
[0.33483116 0.49053487]

Thursday Evening
0.33063302030102937 0.4024869177219996
[0.32224464 0.34637031]
0.7693156702240996 0.19988511056848013
[1.99986373 0.57106306]
0.11033955241618532 0.3778853354601954
[0.1079228  0.38330143]
0.9750998260715356 0.006288747400700401
[0.96228221 0.00656586]
0.7464530721798621 0.18475332412151935
[1.15828532 0.32941023]
0.0007249741622478156 0.2773236176977426
[1.41008213e-03 1.87577700e+00]
0.5344184456764722 0.8366032521440308
[1.00368357 1.63535687]
0.35970247001769307 0.04440779323649369
[1.54217936 0.47937985]
0.3848255900359536 0.48922124503059605
[1.34252197 1.99187271]

Friday Evening
0.8927209692611242 0.920944700549013
[1.73958921 1.99514263]
0.977941747405752 0.5516015853529964
[0.92920407 0.55619405]
0.7464593536261548 0.7535232937568394
[0.79532801 0.77394511]

Saturday Morning
0.362968719158157 0.3035421582546194
[0.30920382 0.24696173]
0.9566207720537373 0.3100346012195033
[0.98394474 0.33202437]
0.06194542239268519 0.6138587870362032
[0.11964942 1.97888416]
0.3641000412478842 0.024595293841272126
[1.67766295 0.44538529]
0.41010625744510754 0.5883396984948606
[0.93245218 1.46479447]
0.9946413391147116 0.39135943032942566
[1.05949686 0.40500159]
0.9959257553346464 0.8280924931621707
[0.90751612 0.84193139]

Monday Afternoon (Error comps graphs begin)
0.9357629416781986 0.31631100807913615
[0.96920067 0.32938076]
0.012412021217779179 0.8610602092456731
[0.01216384 0.85871736]
0.6447137536802534 0.16424232034580055
[0.6096672  0.15497091]
0.9148780714705007 0.4141055220744647
[1.9038464  1.69551828]
0.17310378734121457 0.9683881718487903
[0.1730269  1.03565587]
0.08 0.02
[0.08954611 0.11200633]
0.08 0.02
[0.08239834 0.04114846]
0.08 0.02
[0.0890746  0.08540012]
0.08 0.02
[0.08155814 0.03404541]
0.08 0.02
[0.0940825  0.16045684]
0.08 0.02
[0.12009969 0.41809004]
0.08 0.02
[0.08541355 0.06461234]
0.08 0.02
[0.09247328 0.15990499]
0.08 0.02
[0.10928875 0.26620648]
0.08 0.02
[0.12948627 0.49549267]
0.08 0.02
[0.08245128 0.05643307]
0.08 0.02
[0.09872662 0.20340743]
0.08 0.02
[0.08900879 0.10775838]
0.08 0.02
[0.07876553 0.01139726]
0.08 0.02
[0.09313558 0.13056782]
0.08 0.02
[0.10099327 0.18693584]
0.08 0.02
[0.07570375 0.01444746]
0.08 0.02
[0.09908101 0.14681844]
0.08 0.02
[0.12305866 0.3348436 ]
0.08 0.02
[0.08103245 0.02705012]
0.08 0.02
[0.09570959 0.13257438]
0.08 0.02
[0.08995743 0.06909558]
0.08 0.02
[0.08484895 0.07715755]
0.08 0.02
[0.09293223 0.1605542 ]
0.08 0.02
[0.09115188 0.10712109]
0.08 0.02
[0.11277254 0.33372805]
0.08 0.02
[0.0879027  0.09438445]
0.08 0.02
[0.09752822 0.23716775]
0.08 0.02
[0.08480823 0.12392044]
0.08 0.02
[0.08799824 0.09546338]
0.08 0.02
[0.1769115 0.7462977]
0.08 0.02
[0.08631519 0.1528025 ]
0.08 0.02
[0.10707285 0.22343864]
0.08 0.02
[0.08093854 0.028113  ]
0.08 0.02
[0.09445762 0.10548755]
0.08 0.02
[0.09396919 0.20066043]
0.08 0.02
[0.10682971 0.19957577]
0.08 0.02
[0.08096019 0.01454584]
