0.4368610788079822 0.45521271946357855
[0.35768721 0.48459895 0.00102849 0.0005367  0.00071961 0.00071573]
0.30180828703899754 0.4495039882731423
[2.48176591e-01 6.17467032e-01 1.16337193e-03 3.50023747e-04 4.89392329e-04 7.98748062e-04]
0.5698464117914221 0.6680936839852383
[6.53752885e-01 6.54672335e-01 3.21374611e-04 3.69997078e-04 9.05856412e-04 9.82657931e-04]
0.032318553076255974 0.2903178570829875
[3.37316721e-02 8.15510785e-01 2.92867946e-04 2.75944851e-04 1.06260684e-03 2.68964028e-04]
0.38207394055853916 0.47004605371795805
[2.23345935e-01 7.66090742e-01 1.21840926e-03 3.88023817e-04 8.92335174e-04 3.26326841e-04]
0.3406736082401257 0.23370881918498865
[0.2658804  0.21381306 0.00124943 0.00087459 0.00031461 0.00077434]
0.2196404195174454 0.1577629249131407
[0.28714586 0.18398476 0.00033658 0.00068215 0.00080544 0.00078122]
