0.08 0.02
[0.08504664 0.03320531 0.0005574  0.00057668 0.00085168 0.00063316]
0.08 0.02
[0.07602417 0.05841559 0.00105442 0.00091113 0.00037343 0.00108   ]
0.08 0.02
[0.10585314 0.05204555 0.00047122 0.00084689 0.00077023 0.00120146]
0.08 0.02
[0.06701023 0.03946003 0.00122136 0.00115604 0.00029221 0.00123902]
0.08 0.02
[0.10824569 0.27416816 0.00033906 0.00031726 0.00083891 0.00042001]
0.08 0.02
[0.08608294 0.07050309 0.00067743 0.00049087 0.0007671  0.00072489]
0.08 0.02
[0.09217697 0.0861618  0.0008831  0.00086969 0.00056078 0.00096177]
0.08 0.02
[1.57750481e-01 1.83573225e+00 3.01152766e-04 2.68873847e-04
 8.72863409e-04 2.77400728e-04]
0.08 0.02
[0.10702056 0.06975227 0.00025066 0.00102836 0.00088769 0.00077094]
0.08 0.02
[0.08258445 0.10288239 0.00070588 0.00026688 0.00082288 0.00038889]
0.08 0.02
[0.07746634 0.05230826 0.00100837 0.00049637 0.00046794 0.00113868]
0.08 0.02
[0.0883768  0.10999804 0.00089182 0.00030391 0.00057244 0.00081879]
0.08 0.02
[0.10029328 0.06965071 0.00028951 0.00124715 0.0009168  0.00047763]
0.08 0.02
[0.13241647 0.18212378 0.00028162 0.00120309 0.00079606 0.00031181]
0.08 0.02
[0.09789116 0.05619161 0.00034215 0.00121325 0.00089439 0.00093723]
0.08 0.02
[0.10160028 0.08650171 0.00052303 0.00104378 0.00075029 0.00073965]
0.08 0.02
[0.08811541 0.11671635 0.00109189 0.00123292 0.00028674 0.00074288]
0.08 0.02
[0.07965712 0.00339789 0.00072741 0.00074863 0.00076323 0.00028906]
0.08 0.02
[0.07863412 0.05262735 0.00116136 0.00116271 0.00036072 0.00124817]
0.08 0.02
[0.06888098 0.05736293 0.00121385 0.00123966 0.00025568 0.00048547]
0.08 0.02
[0.09283254 0.06408508 0.00050035 0.00054134 0.00086671 0.00118864]
0.08 0.02
[1.06686107e-01 4.48598337e-01 5.71901900e-04 4.17782351e-04
 8.96011305e-04 2.86293670e-04]
0.08 0.02
[0.06631964 0.04168834 0.00116533 0.00097228 0.00038125 0.00043867]
